r1=20e3;
r2=50e3;
l1=100e-3;
l3=100e-3;
r3=100;
c1=2200e-5;

A=r1*c1;
B=c1;

C=l1*l3;
D=l1*r3+l3*r2;
E=r2*r3;

F=l1+l3;
G=r2+r3;

